local table ={
	[1] = {
		['fov'] = 69.11276360775821,
		['cframe'] = '-1.59973145, 7.6775074, -11.1406097, -0.998560667, 0.0315531716, -0.0433748923, -6.40489161e-05, 0.807964921, 0.589230657, 0.0536375456, 0.588385224, -0.806800008'
	},
	[2] = {
		['fov'] = 68.22552721551642,
		['cframe'] = '-1.61935425, 7.50066376, -10.8602142, -0.998058021, 0.0365625322, -0.0504367426, -0.000120062381, 0.808511257, 0.588480771, 0.0622950792, 0.587343872, -0.8069368'
	},
	[3] = {
		['fov'] = 67.33829082327463,
		['cframe'] = '-1.63897705, 7.32381916, -10.5798492, -0.997480094, 0.0415631756, -0.0575002208, -0.000168036669, 0.809057176, 0.587729931, 0.0709489435, 0.586258531, -0.807011485'
	},
	[4] = {
		['fov'] = 66.45105443103284,
		['cframe'] = '-1.65859985, 7.14697552, -10.2994843, -0.996827066, 0.0465545394, -0.0645645335, -0.000207962468, 0.809602618, 0.586978316, 0.0795981735, 0.585129261, -0.807024181'
	},
	[5] = {
		['fov'] = 65.56381803879106,
		['cframe'] = '-1.67822266, 6.97013187, -10.0191193, -0.996099412, 0.0515360497, -0.0716288835, -0.000239821151, 0.810147643, 0.586225867, 0.0882417932, 0.583956242, -0.806975305'
	},
	[6] = {
		['fov'] = 64.67658164654927,
		['cframe'] = '-1.69787598, 6.79328823, -9.73872375, -0.995296478, 0.0565071367, -0.0786924511, -0.000263631344, 0.810692012, 0.585472822, 0.0968787894, 0.582739592, -0.806864083'
	},
	[7] = {
		['fov'] = 63.78934525430748,
		['cframe'] = '-1.71749878, 6.61644459, -9.45835876, -0.994418383, 0.0614672191, -0.0857544169, -0.000279378146, 0.811235905, 0.584719002, 0.105508164, 0.581479251, -0.806690693'
	},
	[8] = {
		['fov'] = 62.90210886206569,
		['cframe'] = '-1.73712158, 6.43959999, -9.17800903, -0.993465841, 0.0664157718, -0.0928140208, -0.000287059695, 0.811779022, 0.583964705, 0.114128992, 0.580175638, -0.806455672'
	},
	[9] = {
		['fov'] = 62.0148724698239,
		['cframe'] = '-1.75674438, 6.26275635, -8.89764404, -0.992439032, 0.0713521913, -0.0998704284, -0.00028668344, 0.812321424, 0.583210051, 0.122740246, 0.578828871, -0.806159019'
	},
	[10] = {
		['fov'] = 61.12763607758211,
		['cframe'] = '-1.77636719, 6.0859127, -8.61726379, -0.991337538, 0.0762759447, -0.10692282, -0.000278245658, 0.812862933, 0.582454979, 0.131340951, 0.57743901, -0.805800378'
	},
	[11] = {
		['fov'] = 60.72063266708529,
		['cframe'] = '-1.78536987, 6.0047884, -8.48864746, -0.990807056, 0.07853093, -0.110157445, -0.000271677971, 0.813111246, 0.582108378, 0.135283813, 0.576786876, -0.805615008'
	},
	[12] = {
		['fov'] = 60.31362925658847,
		['cframe'] = '-1.79437256, 5.92366505, -8.36003113, -0.990260959, 0.0807833672, -0.113391377, -0.000263419002, 0.813359261, 0.581761658, 0.139224648, 0.576125681, -0.805416703'
	},
	[13] = {
		['fov'] = 59.90662584609164,
		['cframe'] = '-1.80337524, 5.84254074, -8.23141479, -0.989699066, 0.0830331966, -0.116624542, -0.000253461301, 0.813607156, 0.581414938, 0.143163353, 0.575455427, -0.805205226'
	},
	[14] = {
		['fov'] = 59.49962243559482,
		['cframe'] = '-1.81237793, 5.76141739, -8.10279846, -0.989121675, 0.0852803662, -0.119856901, -0.000241801143, 0.813854933, 0.581068099, 0.147099882, 0.574775994, -0.804980993'
	},
	[15] = {
		['fov'] = 59.092619025098,
		['cframe'] = '-1.82141113, 5.68029308, -7.97418213, -0.98852849, 0.0875248238, -0.123088345, -0.000228457153, 0.814102471, 0.5807212, 0.151034102, 0.57408756, -0.804743469'
	},
	[16] = {
		['fov'] = 58.68561561460118,
		['cframe'] = '-1.83041382, 5.59916878, -7.8455658, -0.987920165, 0.0897665173, -0.126318797, -0.000213399529, 0.81434989, 0.5803743, 0.154965922, 0.573390186, -0.804493546'
	},
	[17] = {
		['fov'] = 58.27861220410436,
		['cframe'] = '-1.8394165, 5.51804543, -7.71694946, -0.98729527, 0.092005372, -0.129548177, -0.000196676701, 0.81459707, 0.580027223, 0.158895239, 0.572683692, -0.804229677'
	},
	[18] = {
		['fov'] = 57.871608793607535,
		['cframe'] = '-1.84841919, 5.43692112, -7.58833313, -0.986655295, 0.0942413509, -0.132776424, -0.000178236514, 0.814844072, 0.579680145, 0.162821993, 0.571968257, -0.803953409'
	},
	[19] = {
		['fov'] = 57.464605383110715,
		['cframe'] = '-1.85742188, 5.35579777, -7.4597168, -0.986000001, 0.0964744315, -0.136003464, -0.000158108771, 0.815090835, 0.579333127, 0.16674608, 0.571243942, -0.803664327'
	},
	[20] = {
		['fov'] = 57.057601972613895,
		['cframe'] = '-1.86642456, 5.27467346, -7.33110046, -0.985328794, 0.0987044945, -0.139229178, -0.00013627857, 0.81533742, 0.578986049, 0.17066735, 0.570510507, -0.803362012'
	},
	[21] = {
		['fov'] = 56.954325354072324,
		['cframe'] = '-1.86871338, 5.2540884, -7.29846191, -0.985156178, 0.0992699414, -0.140047565, -0.000130474567, 0.815400004, 0.578898013, 0.171662018, 0.57032305, -0.803283453'
	},
	[22] = {
		['fov'] = 56.85104873553075,
		['cframe'] = '-1.8710022, 5.23350334, -7.26582336, -0.984982133, 0.0998351723, -0.140865818, -0.000124555081, 0.81546247, 0.578809857, 0.172656432, 0.570134878, -0.803203583'
	},
	[23] = {
		['fov'] = 56.747772116989175,
		['cframe'] = '-1.8732605, 5.21291828, -7.23318481, -0.984807193, 0.100400232, -0.14168404, -0.000118531287, 0.815525055, 0.578721702, 0.173650756, 0.56994611, -0.803123057'
	},
	[24] = {
		['fov'] = 56.644495498447604,
		['cframe'] = '-1.87554932, 5.19233322, -7.20054626, -0.984631419, 0.100965098, -0.142502159, -0.000112395734, 0.81558764, 0.578633547, 0.174644858, 0.569756866, -0.803041756'
	},
	[25] = {
		['fov'] = 56.54121887990603,
		['cframe'] = '-1.87783813, 5.17174816, -7.16790771, -0.984454572, 0.101529777, -0.143320188, -0.000106152147, 0.815650105, 0.57854557, 0.17563878, 0.569567084, -0.802959621'
	},
	[26] = {
		['fov'] = 56.43794226136446,
		['cframe'] = '-1.88012695, 5.1511631, -7.13528442, -0.984277248, 0.102094285, -0.144138202, -9.97930765e-05, 0.815712512, 0.578457534, 0.176632598, 0.569376767, -0.802877128'
	},
	[27] = {
		['fov'] = 56.33466564282289,
		['cframe'] = '-1.88241577, 5.13057804, -7.10264587, -0.984098196, 0.102658555, -0.144956052, -9.33371484e-05, 0.815775037, 0.578369379, 0.177626163, 0.569185734, -0.802793145'
	},
	[28] = {
		['fov'] = 56.23138902428131,
		['cframe'] = '-1.88467407, 5.10999298, -7.07000732, -0.983918071, 0.103222638, -0.145773828, -8.67806375e-05, 0.815837443, 0.578281224, 0.178619534, 0.568994105, -0.802708209'
	},
	[29] = {
		['fov'] = 56.12811240573974,
		['cframe'] = '-1.88696289, 5.08940792, -7.03736877, -0.983737588, 0.10378655, -0.146591529, -8.00862908e-05, 0.815899968, 0.578193188, 0.179612741, 0.568801999, -0.802623093'
	},
	[30] = {
		['fov'] = 56.02483578719817,
		['cframe'] = '-1.88925171, 5.06882286, -7.00473022, -0.983555555, 0.104350254, -0.147409141, -7.32950866e-05, 0.815962315, 0.578105092, 0.180605769, 0.568609238, -0.802536666'
	},
	[31] = {
		['fov'] = 55.96451626016815,
		['cframe'] = '-1.89059448, 5.05679989, -6.985672, -0.983448863, 0.104679391, -0.147886604, -6.92941248e-05, 0.815998793, 0.578053594, 0.181185663, 0.568496466, -0.802485824'
	},
	[32] = {
		['fov'] = 55.904196733138136,
		['cframe'] = '-1.89190674, 5.04477692, -6.96661377, -0.983341992, 0.105008461, -0.148364067, -6.52298331e-05, 0.816035271, 0.578002155, 0.181765497, 0.568383396, -0.802434862'
	},
	[33] = {
		['fov'] = 55.84387720610812,
		['cframe'] = '-1.89324951, 5.03275394, -6.94755554, -0.983234525, 0.105337486, -0.1488415, -6.1146915e-05, 0.816071689, 0.577950716, 0.182345271, 0.568270206, -0.802383363'
	},
	[34] = {
		['fov'] = 55.78355767907809,
		['cframe'] = '-1.89459229, 5.02073193, -6.92848206, -0.983126879, 0.105666421, -0.149318889, -5.70118427e-05, 0.816108108, 0.577899277, 0.182924971, 0.568156779, -0.802331805'
	},
	[35] = {
		['fov'] = 55.723238152048076,
		['cframe'] = '-1.89593506, 5.00870895, -6.90942383, -0.983019114, 0.105995297, -0.149796262, -5.2858144e-05, 0.816144526, 0.577847838, 0.183504626, 0.568043232, -0.802280128'
	},
	[36] = {
		['fov'] = 55.66291862501806,
		['cframe'] = '-1.89724731, 4.99668598, -6.8903656, -0.982910335, 0.106324092, -0.150273576, -4.86560166e-05, 0.816181004, 0.57779628, 0.184084162, 0.567929327, -0.802227497'
	},
	[37] = {
		['fov'] = 55.60259909798804,
		['cframe'] = '-1.89859009, 4.98466301, -6.87130737, -0.982801616, 0.106652841, -0.15075089, -4.44203615e-05, 0.816217482, 0.577744842, 0.184663698, 0.567815304, -0.802175045'
	},
	[38] = {
		['fov'] = 55.579112178139624,
		['cframe'] = '-1.89910889, 4.97998142, -6.8638916, -0.982759356, 0.106780827, -0.150936738, -4.27477062e-05, 0.816231668, 0.577724755, 0.184889331, 0.567770898, -0.80215472'
	},
	[39] = {
		['fov'] = 55.5556252582912,
		['cframe'] = '-1.89962769, 4.97530031, -6.85646057, -0.982717156, 0.106908821, -0.1511226, -4.10825014e-05, 0.816245794, 0.577704847, 0.18511498, 0.567726552, -0.802134395'
	},
	[40] = {
		['fov'] = 55.532138338442785,
		['cframe'] = '-1.90014648, 4.97061872, -6.8490448, -0.98267442, 0.107036762, -0.151308402, -3.94135714e-05, 0.81625998, 0.57768476, 0.185340568, 0.567681909, -0.802113593'
	},
	[41] = {
		['fov'] = 55.50865141859436,
		['cframe'] = '-1.90066528, 4.96593714, -6.84161377, -0.982631683, 0.107164711, -0.15149422, -3.77371907e-05, 0.816274166, 0.577664673, 0.185566142, 0.567637384, -0.802092791'
	},
	[42] = {
		['fov'] = 55.485164498745945,
		['cframe'] = '-1.90118408, 4.96125603, -6.834198, -0.982588947, 0.107292652, -0.151680037, -3.60570848e-05, 0.816288352, 0.577644646, 0.185791746, 0.5675928, -0.802071989'
	},
	[43] = {
		['fov'] = 55.46167757889752,
		['cframe'] = '-1.90170288, 4.95657444, -6.82676697, -0.982546687, 0.107420608, -0.151865885, -3.43583524e-05, 0.816302538, 0.577624679, 0.186017349, 0.567548275, -0.802051663'
	},
	[44] = {
		['fov'] = 55.438190659049106,
		['cframe'] = '-1.90222168, 4.95189285, -6.8193512, -0.982503951, 0.107548535, -0.152051702, -3.26670706e-05, 0.816316664, 0.577604651, 0.186242923, 0.567503691, -0.802030921'
	},
	[45] = {
		['fov'] = 55.41470373920069,
		['cframe'] = '-1.90274048, 4.94721174, -6.81193542, -0.982461214, 0.107676446, -0.15223752, -3.0964613e-05, 0.81633091, 0.577584565, 0.186468497, 0.567459047, -0.802010119'
	},
	[46] = {
		['fov'] = 55.391216819352266,
		['cframe'] = '-1.90325928, 4.94253016, -6.80450439, -0.98241806, 0.107804336, -0.152423292, -2.925843e-05, 0.816345096, 0.577564418, 0.186694026, 0.567414224, -0.801988959'
	},
	[47] = {
		['fov'] = 55.36772989950385,
		['cframe'] = '-1.90377808, 4.93784904, -6.79708862, -0.982375264, 0.107932232, -0.15260908, -2.75373459e-05, 0.816359282, 0.577544391, 0.18691957, 0.567369521, -0.801968217'
	},
	[48] = {
		['fov'] = 55.34424297965543,
		['cframe'] = '-1.90429688, 4.93316746, -6.78965759, -0.982332587, 0.108060136, -0.152794912, -2.58199871e-05, 0.816373467, 0.577524424, 0.187145129, 0.567324877, -0.801947415'
	},
	[49] = {
		['fov'] = 55.32075605980701,
		['cframe'] = '-1.90481567, 4.92848587, -6.78224182, -0.982289255, 0.108187988, -0.152980685, -2.40914524e-05, 0.816387653, 0.577504277, 0.187370628, 0.567279935, -0.801926196'
	},
	[50] = {
		['fov'] = 55.29726913995859,
		['cframe'] = '-1.90533447, 4.92380476, -6.77481079, -0.982246697, 0.10831587, -0.153166473, -2.2366643e-05, 0.81640172, 0.577484429, 0.187596172, 0.567235291, -0.801905572'
	},
	[51] = {
		['fov'] = 55.27378222011017,
		['cframe'] = '-1.90585327, 4.91912317, -6.76739502, -0.982203364, 0.108443715, -0.153352261, -2.06381083e-05, 0.816415906, 0.577464342, 0.187821656, 0.567190409, -0.801884353'
	},
	[52] = {
		['fov'] = 55.25422634724516,
		['cframe'] = '-1.90628052, 4.91522551, -6.76121521, -0.982167482, 0.108550169, -0.15350695, -1.9185245e-05, 0.816427767, 0.577447653, 0.188009426, 0.567153096, -0.80186671'
	},
	[53] = {
		['fov'] = 55.234670474380145,
		['cframe'] = '-1.90670776, 4.91132736, -6.7550354, -0.9821316, 0.1086566, -0.153661609, -1.77249312e-05, 0.816439629, 0.577430904, 0.188197166, 0.567115724, -0.801849246'
	},
	[54] = {
		['fov'] = 55.21511460151513,
		['cframe'] = '-1.90716553, 4.9074297, -6.74885559, -0.982095242, 0.108763017, -0.153816268, -1.62795186e-05, 0.816451371, 0.577414215, 0.188384876, 0.567078292, -0.801831186'
	},
	[55] = {
		['fov'] = 55.19555872865012,
		['cframe'] = '-1.90759277, 4.90353155, -6.74267578, -0.98205936, 0.108869448, -0.153970957, -1.48154795e-05, 0.816463232, 0.577397525, 0.188572615, 0.567040861, -0.801813722'
	},
	[56] = {
		['fov'] = 55.17600285578511,
		['cframe'] = '-1.90802002, 4.89963388, -6.73649597, -0.982023478, 0.108975872, -0.154125646, -1.33551657e-05, 0.816474974, 0.577380896, 0.188760385, 0.567003489, -0.801796138'
	},
	[57] = {
		['fov'] = 55.156446982920095,
		['cframe'] = '-1.90844727, 4.89573574, -6.73031616, -0.981987119, 0.109082267, -0.154280275, -1.18874013e-05, 0.816486716, 0.577364147, 0.188948065, 0.566965997, -0.801778257'
	},
	[58] = {
		['fov'] = 55.13689111005509,
		['cframe'] = '-1.90887451, 4.89183807, -6.72413635, -0.981951237, 0.109188691, -0.154434964, -1.04159117e-05, 0.816498518, 0.577347577, 0.189135805, 0.566928566, -0.801760674'
	},
	[59] = {
		['fov'] = 55.117335237190076,
		['cframe'] = '-1.90933228, 4.88794041, -6.71795654, -0.981915116, 0.109295078, -0.154589623, -8.94069672e-06, 0.81651032, 0.577330828, 0.189323515, 0.566891074, -0.801742971'
	},
	[60] = {
		['fov'] = 55.09777936432506,
		['cframe'] = '-1.90975952, 4.88404226, -6.71177673, -0.981878519, 0.10940145, -0.154744253, -7.46175647e-06, 0.816522241, 0.577314019, 0.189511165, 0.566853404, -0.801724792'
	},
	[61] = {
		['fov'] = 55.07822349146005,
		['cframe'] = '-1.91018677, 4.8801446, -6.70559692, -0.981842339, 0.109507829, -0.154898897, -5.97164035e-06, 0.816533983, 0.57729739, 0.18969886, 0.566815913, -0.801707029'
	},
	[62] = {
		['fov'] = 55.05866761859504,
		['cframe'] = '-1.91061401, 4.87624645, -6.69941711, -0.98180604, 0.109614208, -0.155053556, -4.48897481e-06, 0.816545784, 0.5772807, 0.18988654, 0.566778362, -0.801689088'
	},
	[63] = {
		['fov'] = 55.039111745730025,
		['cframe'] = '-1.91107178, 4.87234879, -6.6932373, -0.981769919, 0.10972058, -0.1552082, -3.00258398e-06, 0.816557527, 0.577264071, 0.190074235, 0.56674087, -0.801671267'
	},
	[64] = {
		['fov'] = 55.01955587286501,
		['cframe'] = '-1.91149902, 4.86845064, -6.6870575, -0.981733322, 0.109826922, -0.15536283, -1.51246786e-06, 0.816569328, 0.577247381, 0.190261886, 0.5667032, -0.801653147'
	},
	[65] = {
		['fov'] = 55,
		['cframe'] = '-1.91192627, 4.86455297, -6.68087769, -0.981697083, 0.109933287, -0.155517474, -7.4505806e-09, 0.816581368, 0.577230632, 0.190449566, 0.566665649, -0.801635385'
	},
	[66] = {
		['fov'] = 55,
		['cframe'] = '-0.03125, 1.28885412, -1.0188446, -0.984123409, -0.0346433148, 0.174072236, 6.51238243e-24, 0.98076576, 0.195188925, -0.177486002, 0.19208999, -0.965194345'
	},
	[67] = {
		['fov'] = 55,
		['cframe'] = '-0.0560913086, 1.2769289, -1.05628967, -0.986501694, -0.0313673392, 0.160719663, -0.000887088478, 0.982491374, 0.186305955, -0.163749546, 0.183648542, -0.969257236'
	},
	[68] = {
		['fov'] = 55,
		['cframe'] = '-0.0809326172, 1.26500416, -1.09371948, -0.988688767, -0.0282083061, 0.147306383, -0.00164790452, 0.984138131, 0.177396312, -0.14997381, 0.175146952, -0.9730528'
	},
	[69] = {
		['fov'] = 55,
		['cframe'] = '-0.105773926, 1.25307894, -1.13116455, -0.990684152, -0.0251670871, 0.133836091, -0.00228224136, 0.985705435, 0.16846247, -0.136162609, 0.166587606, -0.976580203'
	},
	[70] = {
		['fov'] = 55,
		['cframe'] = '-0.130615234, 1.24115419, -1.16860962, -0.992486954, -0.0222445186, 0.120312504, -0.00278991926, 0.987192869, 0.159506887, -0.122319736, 0.157972813, -0.979838133'
	},
	[71] = {
		['fov'] = 55,
		['cframe'] = '-0.155456543, 1.22922897, -1.20605469, -0.994096994, -0.0194414221, 0.106739417, -0.00317079946, 0.988600016, 0.150532112, -0.108449087, 0.149305061, -0.982825994'
	},
	[72] = {
		['fov'] = 55,
		['cframe'] = '-0.180297852, 1.21730423, -1.24349976, -0.995514154, -0.0167585667, 0.0931205601, -0.00342478091, 0.989926517, 0.141540542, -0.094554469, 0.140586659, -0.985543311'
	},
	[73] = {
		['fov'] = 55,
		['cframe'] = '-0.205169678, 1.20537901, -1.28092957, -0.996737421, -0.014196692, 0.0794596747, -0.00355178863, 0.991171956, 0.132534742, -0.0806396976, 0.131820053, -0.987988651'
	},
	[74] = {
		['fov'] = 55,
		['cframe'] = '-0.230010986, 1.19345379, -1.31837463, -0.997766078, -0.0117565077, 0.0657605529, -0.00355178816, 0.992336094, 0.123517089, -0.0667086393, 0.123007603, -0.990161061'
	},
	[75] = {
		['fov'] = 55,
		['cframe'] = '-0.254852295, 1.18152905, -1.3558197, -0.998601019, -0.00943869725, 0.052027043, -0.00342477998, 0.993418515, 0.114490218, -0.0527652018, 0.114151873, -0.992061019'
	},
	[76] = {
		['fov'] = 55,
		['cframe'] = '-0.279693604, 1.16960382, -1.39324951, -0.999241829, -0.00724389963, 0.0382629111, -0.00317079993, 0.994418859, 0.105456591, -0.0388132185, 0.105255276, -0.993687868'
	},
	[77] = {
		['fov'] = 55,
		['cframe'] = '-0.304534912, 1.15767908, -1.43069458, -0.999687433, -0.00517271645, 0.0244719423, -0.0027899174, 0.99533695, 0.0964186341, -0.0248565152, 0.096320197, -0.995040238'
	},
	[78] = {
		['fov'] = 55,
		['cframe'] = '-0.329376221, 1.14575386, -1.46813965, -0.999937892, -0.00322572631, 0.0106579922, -0.00228223763, 0.996172547, 0.0873789042, -0.0108989999, 0.0873491615, -0.996118069'
	},
	[79] = {
		['fov'] = 55,
		['cframe'] = '-0.27734375, 1.1479578, -1.45932007, -0.999997199, -0.0023811569, 0.00075353455, -0.0023182549, 0.997206509, 0.0746581629, -0.000929142698, 0.074656181, -0.997209191'
	},
	[80] = {
		['fov'] = 55,
		['cframe'] = '-0.225280762, 1.15016222, -1.45050049, -0.999956667, -0.0016628264, -0.00916097406, -0.00222702534, 0.998078287, 0.0619255118, 0.0090404572, 0.0619432293, -0.998038769'
	},
	[81] = {
		['fov'] = 55,
		['cframe'] = '-0.173248291, 1.15236664, -1.44168091, -0.999817312, -0.00107092515, -0.0190829318, -0.00200857548, 0.998787701, 0.0491843484, 0.0190071855, 0.0492136963, -0.998607397'
	},
	[82] = {
		['fov'] = 55,
		['cframe'] = '-0.12121582, 1.15457058, -1.43286133, -0.999579191, -0.000605607231, -0.0290097538, -0.00166296132, 0.999334514, 0.0364379883, 0.0289684404, 0.03647089, -0.998915017'
	},
	[83] = {
		['fov'] = 55,
		['cframe'] = '-0.069152832, 1.15677452, -1.42404175, -0.99924171, -0.000266994059, -0.0389388315, -0.00119027356, 0.999718666, 0.0236897711, 0.0389216132, 0.0237181503, -0.998960853'
	},
	[84] = {
		['fov'] = 55,
		['cframe'] = '-0.0171203613, 1.15897894, -1.41522217, -0.998805702, -5.51746416e-05, -0.0488675684, -0.000590635464, 0.999939919, 0.010943017, 0.048864089, 0.0109588066, -0.998745739'
	},
	[85] = {
		['fov'] = 55,
		['cframe'] = '0.111816406, 1.17531204, -1.36013794, -0.998495162, -0.000892050273, -0.0548348017, -0.000590639072, 0.999984622, -0.00551267527, 0.0548389368, -0.00547199138, -0.99848038'
	},
	[86] = {
		['fov'] = 55,
		['cframe'] = '0.240722656, 1.19164562, -1.30506897, -0.998149037, -0.00182712334, -0.0607863963, -0.000492170628, 0.999758542, -0.0219691005, 0.0608119145, -0.0218985211, -0.99790889'
	},
	[87] = {
		['fov'] = 55,
		['cframe'] = '0.369659424, 1.2079792, -1.25, -0.997767925, -0.00285998778, -0.0667196512, -0.000295253471, 0.999261677, -0.0384186991, 0.0667803288, -0.0383132361, -0.997032106'
	},
	[88] = {
		['fov'] = 55,
		['cframe'] = '0.498596191, 1.22431231, -1.19491577, -0.997350872, -0.00399014354, -0.0726317838, 4.65661287e-10, 0.998494446, -0.0548538975, 0.0727413669, -0.0547085814, -0.995849252'
	},
	[89] = {
		['fov'] = 55,
		['cframe'] = '0.44442749, 1.10968018, -1.27449036, -0.987034559, -0.00966749899, -0.160217941, -0.000308923889, 0.998297095, -0.0583337881, 0.160509109, -0.0575279556, -0.985356688'
	},
	[90] = {
		['fov'] = 55,
		['cframe'] = '0.390258789, 0.995047569, -1.3540802, -0.969009578, -0.0155714191, -0.246532738, -0.000308923889, 0.99808687, -0.0618265979, 0.24702388, -0.0598343946, -0.967160583'
	},
	[91] = {
		['fov'] = 55,
		['cframe'] = '0.336090088, 0.880415201, -1.43365479, -0.943416953, -0.0216557179, -0.330900967, 1.86264515e-09, 0.997865319, -0.0653050169, 0.331608891, -0.0616098605, -0.941403091'
	},
	[92] = {
		['fov'] = 55,
		['cframe'] = '0.319885254, 0.88041544, -1.42776489, -0.93989116, -0.0222999807, -0.340746462, 9.31322575e-10, 0.997865379, -0.0653048158, 0.341475427, -0.061379388, -0.937884808'
	},
	[93] = {
		['fov'] = 55,
		['cframe'] = '0.303649902, 0.88041544, -1.42189026, -0.936261356, -0.0229417868, -0.350554466, 6.19565793e-24, 0.997865438, -0.0653045848, 0.351304442, -0.0611421578, -0.934262693'
	},
	[94] = {
		['fov'] = 45,
		['cframe'] = '1.09533691, 1.11080599, -1.67616272, 0.926105857, -0.0128756752, 0.377044111, -6.12845448e-24, 0.999417543, 0.0341290943, -0.377263963, -0.0316071548, 0.925566316'
	},
	[95] = {
		['fov'] = 46.16289657820952,
		['cframe'] = '1.40020752, 1.06191111, -1.97279358, 0.884145856, -0.00611200836, 0.467171073, -0.00176479807, 0.999863625, 0.01642121, -0.467207789, -0.0153432079, 0.884014487'
	},
	[96] = {
		['fov'] = 47.32185828250461,
		['cframe'] = '1.70504761, 1.0130167, -2.2694397, 0.833469331, 0.00223316322, 0.552561283, -0.00176479737, 0.999997437, -0.00137949083, -0.552562952, 0.000174604807, 0.833471179'
	},
	[97] = {
		['fov'] = 48.47296355333861,
		['cframe'] = '2.00991821, 0.964121819, -2.56607056, 0.774591327, 0.0120750181, 0.632346809, -5.12581542e-24, 0.999817729, -0.019092083, -0.632462084, 0.0147885615, 0.774450123'
	},
	[98] = {
		['fov'] = 49.6123174148488,
		['cframe'] = '1.3984375, 0.985121965, -2.44944763, 0.91269815, 0.000788475038, 0.40863362, -6.03972972e-24, 0.999998152, -0.00192953693, -0.408634394, 0.00176108477, 0.912696481'
	},
	[99] = {
		['fov'] = 50.736064654221806,
		['cframe'] = '1.87646484, 0.886904001, -3.07009888, 0.753185928, 0.0348560289, 0.656883538, 1.86264493e-09, 0.998595119, -0.0529881753, -0.657807708, 0.0399099477, 0.752127826'
	},
	[100] = {
		['fov'] = 51.84040286651337,
		['cframe'] = '1.80914307, 0.809385061, -3.43112183, 0.757386327, 0.0627106726, 0.649948776, 0.000138886273, 0.995362043, -0.0961999223, -0.652967036, 0.0729507729, 0.753864884'
	},
	[101] = {
		['fov'] = 52.92159532078313,
		['cframe'] = '1.74185181, 0.731866121, -3.79216003, 0.761555672, 0.0902355835, 0.641787112, -5.0395527e-24, 0.990260065, -0.139231026, -0.648099661, 0.106032178, 0.754137993'
	},
	[102] = {
		['fov'] = 53.975983604009244,
		['cframe'] = '1.29534912, 0.664189577, -3.87251282, 0.902117491, 0.0766640529, 0.424625456, -5.96971279e-24, 0.984089851, -0.17767258, -0.43149069, 0.160281539, 0.887764513'
	},
	[103] = {
		['fov'] = 55,
		['cframe'] = '1.26928711, 0.667554855, -4.07034302, 0.927819848, 0.0669822618, 0.366965503, 0.000146161765, 0.983681023, -0.179920986, -0.373028606, 0.166987911, 0.912669003'
	},
	[104] = {
		['fov'] = 55.99017956141612,
		['cframe'] = '1.24325562, 0.670920372, -4.26815796, 0.949738264, 0.0568918772, 0.307831943, 0.000146167353, 0.983266413, -0.182173103, -0.313045084, 0.173061758, 0.933837473'
	},
	[105] = {
		['fov'] = 56.943171834055725,
		['cframe'] = '1.2171936, 0.67428565, -4.46598816, 0.967783332, 0.0464340635, 0.247466072, 3.7252903e-09, 0.98284775, -0.184419647, -0.251784861, 0.178478256, 0.951183498'
	},
	[106] = {
		['fov'] = 57.85575219373079,
		['cframe'] = '1.19104004, 0.644611359, -4.45777893, 0.958709002, 0.0530306511, 0.279400766, 5.99473715e-05, 0.982422471, -0.186670855, -0.284388959, 0.178979769, 0.941854119'
	},
	[107] = {
		['fov'] = 58.72483275737467,
		['cframe'] = '1.16488647, 0.614936829, -4.44955444, 0.948536754, 0.0596401952, 0.311000168, 0.000197386369, 0.9819929, -0.18891786, -0.31666708, 0.179256931, 0.931444585'
	},
	[108] = {
		['fov'] = 59.54747283146098,
		['cframe'] = '1.13873291, 0.585262537, -4.44134521, 0.937278152, 0.0662550405, 0.342227757, 0.000412143767, 0.981559157, -0.191157922, -0.348582029, 0.179309204, 0.919966698'
	},
	[109] = {
		['fov'] = 60.32088886237956,
		['cframe'] = '1.14294434, 0.575275421, -4.57659912, 0.937476397, 0.0729276165, 0.340322673, 0.000285837799, 0.977639973, -0.210285515, -0.348048747, 0.197234988, 0.916493595'
	},
	[110] = {
		['fov'] = 61.04246385510088,
		['cframe'] = '1.14712524, 0.565288544, -4.71186829, 0.93767339, 0.0795623586, 0.338287383, 0.000148434192, 0.973347604, -0.229334652, -0.347517699, 0.215091228, 0.912670374'
	},
	[111] = {
		['fov'] = 61.709756228258726,
		['cframe'] = '1.15133667, 0.555301428, -4.84712219, 0.937869191, 0.0861554444, 0.33612293, -6.2062977e-24, 0.968684614, -0.248294428, -0.346989095, 0.232867688, 0.90849942'
	},
	[112] = {
		['fov'] = 62.32050807568877,
		['cframe'] = '1.15930176, 0.608868361, -4.97450256, 0.938437939, 0.0826372132, 0.335418016, 2.77161598e-05, 0.970947921, -0.239290819, -0.345447809, 0.224568889, 0.911172152'
	},
	[113] = {
		['fov'] = 62.87265280646824,
		['cframe'] = '1.16729736, 0.662435532, -5.10189819, 0.939004183, 0.0791253373, 0.334679455, 7.06799328e-05, 0.973127604, -0.230266392, -0.343905777, 0.216244757, 0.913765311'
	},
	[114] = {
		['fov'] = 63.364322137605484,
		['cframe'] = '1.17526245, 0.716002464, -5.22927856, 0.939567626, 0.075620316, 0.333907455, 0.000128887594, 0.975223362, -0.221222416, -0.342363328, 0.207896456, 0.916278601'
	},
	[115] = {
		['fov'] = 63.79385241571816,
		['cframe'] = '1.19549561, 0.771225214, -5.36532593, 0.938639402, 0.0738792643, 0.336894482, 0.000259034336, 0.976637483, -0.21489343, -0.344899982, 0.201794714, 0.916691303'
	},
	[116] = {
		['fov'] = 64.15979024630978,
		['cframe'] = '1.21569824, 0.826447964, -5.50137329, 0.937704086, 0.0721184015, 0.339867681, 0.000371657312, 0.978010595, -0.208554909, -0.347434908, 0.195689097, 0.917057693'
	},
	[117] = {
		['fov'] = 64.46089741159648,
		['cframe'] = '1.2359314, 0.881670952, -5.63742065, 0.936761558, 0.0703378618, 0.342826903, 0.000466749072, 0.979342639, -0.202207312, -0.349967897, 0.189580068, 0.91737771'
	},
	[118] = {
		['fov'] = 64.69615506024417,
		['cframe'] = '1.25616455, 0.936893702, -5.77346802, 0.935812116, 0.0685377792, 0.345771909, 0.000544313341, 0.980633497, -0.195851117, -0.35249877, 0.183468074, 0.917651415'
	},
	[119] = {
		['fov'] = 64.86476715483886,
		['cframe'] = '1.28863525, 0.993772507, -5.91818237, 0.933304787, 0.0684486851, 0.352500945, 0.000631984323, 0.981349349, -0.192231834, -0.359084636, 0.179633677, 0.915854812'
	},
	[120] = {
		['fov'] = 64.96616316542537,
		['cframe'] = '1.32110596, 1.05065107, -6.06289673, 0.930750966, 0.0683315918, 0.359212279, 0.000693660229, 0.982051969, -0.188609347, -0.365653157, 0.175797507, 0.913998365'
	},
	[121] = {
		['fov'] = 65,
		['cframe'] = '1.35360718, 1.10753012, -6.20761108, 0.928150773, 0.0681864992, 0.365905285, 0.000729326159, 0.982741296, -0.184983954, -0.372203708, 0.171959862, 0.912082374'
	},
	[122] = {
		['fov'] = 65,
		['cframe'] = '1.38607788, 1.16440868, -6.35232544, 0.925504625, 0.0680133998, 0.372579306, 0.000738978386, 0.983417273, -0.181355968, -0.378735632, 0.168121114, 0.910106957'
	},
	[123] = {
		['fov'] = 65,
		['cframe'] = '1.43438721, 1.19411612, -6.4758606, 0.923009396, 0.0667970702, 0.378935099, 0.00086523965, 0.984453559, -0.175642863, -0.384776473, 0.162447885, 0.908602118'
	},
	[124] = {
		['fov'] = 65,
		['cframe'] = '1.48266602, 1.22382355, -6.59941101, 0.92047441, 0.065541245, 0.385267645, 0.000953536481, 0.985456884, -0.169922888, -0.390801698, 0.156777054, 0.907025397'
	},
	[125] = {
		['fov'] = 65,
		['cframe'] = '1.53097534, 1.25353146, -6.72296143, 0.917899966, 0.0642461106, 0.391576409, 0.00100388005, 0.986427069, -0.164196745, -0.396810651, 0.151109293, 0.905376911'
	},
	[126] = {
		['fov'] = 65,
		['cframe'] = '1.57928467, 1.28323889, -6.84649658, 0.915286362, 0.0629117638, 0.397860408, 0.00101624615, 0.987364054, -0.158465058, -0.402802467, 0.145445228, 0.90365696'
	},
	[127] = {
		['fov'] = 65,
		['cframe'] = '1.6434021, 1.28577566, -6.94888306, 0.912841201, 0.0605017357, 0.403807551, 0.00111259706, 0.988589048, -0.150633588, -0.408313364, 0.137953803, 0.902357459'
	},
	[128] = {
		['fov'] = 65,
		['cframe'] = '1.70751953, 1.28831244, -7.05125427, 0.910362601, 0.058042679, 0.409720689, 0.0011611525, 0.989752054, -0.142792225, -0.413809985, 0.130468458, 0.90096581'
	},
	[129] = {
		['fov'] = 65,
		['cframe'] = '1.78192139, 1.26999235, -7.13633728, 0.908268273, 0.0545040332, 0.414822936, 0.00124937482, 0.991120636, -0.132959977, -0.418386459, 0.121281601, 0.900135279'
	},
	[130] = {
		['fov'] = 65,
		['cframe'] = '1.85635376, 1.25167274, -7.22143555, 0.906150699, 0.0509134866, 0.419879496, 0.00128762424, 0.992391706, -0.123113699, -0.422953129, 0.112100206, 0.899190903'
	},
	[131] = {
		['fov'] = 65,
		['cframe'] = '1.93078613, 1.23335266, -7.30651855, 0.904010117, 0.0472716987, 0.424889475, 0.00127589703, 0.993565083, -0.113255203, -0.427509159, 0.102925971, 0.898132622'
	},
	[132] = {
		['fov'] = 65,
		['cframe'] = '2.00518799, 1.21503258, -7.39160156, 0.901847005, 0.0435793661, 0.429852009, 0.00121420436, 0.994640529, -0.103386357, -0.432053804, 0.0937606096, 0.896960676'
	},
	[133] = {
		['fov'] = 65,
		['cframe'] = '2.0965271, 1.16244841, -7.44827271, 0.900373459, 0.0381413363, 0.43344304, 0.00124994665, 0.995919824, -0.090233624, -0.435116202, 0.0817857385, 0.896652102'
	},
	[134] = {
		['fov'] = 65,
		['cframe'] = '2.18786621, 1.10986423, -7.50495911, 0.898889363, 0.0326554254, 0.436957151, 0.00124077126, 0.997025371, -0.077063866, -0.43817398, 0.0698140487, 0.896174967'
	},
	[135] = {
		['fov'] = 65,
		['cframe'] = '2.2791748, 1.05728054, -7.56164551, 0.897395074, 0.0271231681, 0.440393507, 0.00118668005, 0.997956812, -0.0638807714, -0.441226423, 0.0578488931, 0.895529389'
	},
	[136] = {
		['fov'] = 65,
		['cframe'] = '2.37051392, 1.00469637, -7.61831665, 0.89589107, 0.0215460993, 0.443750978, 0.00108768791, 0.998713911, -0.0506879836, -0.444272459, 0.0458935723, 0.894715488'
	},
	[137] = {
		['fov'] = 65,
		['cframe'] = '2.47067261, 0.934235096, -7.66018677, 0.894757569, 0.015049818, 0.446298569, 0.00103370706, 0.999359429, -0.0357722268, -0.446551114, 0.0324688107, 0.894168854'
	},
	[138] = {
		['fov'] = 65,
		['cframe'] = '2.57080078, 0.863773823, -7.70205688, 0.893618584, 0.0085153142, 0.448746413, 0.000941724051, 0.999782264, -0.0208469722, -0.448826283, 0.0190518368, 0.893415987'
	},
	[139] = {
		['fov'] = 65,
		['cframe'] = '2.67095947, 0.79331255, -7.74391174, 0.892474592, 0.00194483309, 0.451093495, 0.000811764097, 0.999982178, -0.00591734843, -0.451097012, 0.00564726489, 0.892457128'
	},
	[140] = {
		['fov'] = 65,
		['cframe'] = '2.77111816, 0.722851276, -7.78578186, 0.89132601, -0.00465936121, 0.453338951, 0.00064387708, 0.99995923, 0.00901150517, -0.453362495, -0.00774029456, 0.891292632'
	},
	[141] = {
		['fov'] = 65,
		['cframe'] = '2.87347412, 0.647920609, -7.82394409, 0.890269399, -0.0115118613, 0.455288857, 0.000464933459, 0.99970299, 0.0243681073, -0.455434173, -0.0214825012, 0.890010297'
	},
	[142] = {
		['fov'] = 65,
		['cframe'] = '2.97579956, 0.572990179, -7.86209106, 0.88920927, -0.0183940381, 0.45713076, 0.000250281766, 0.999210835, 0.0397194251, -0.457500666, -0.0352044702, 0.888512135'
	},
	[143] = {
		['fov'] = 65,
		['cframe'] = '3.07815552, 0.498059511, -7.9002533, 0.888145983, -0.0253033992, 0.458864182, -5.87725711e-24, 0.998482943, 0.0550599024, -0.459561348, -0.0489012301, 0.886798739'
	},
	[144] = {
		['fov'] = 45,
		['cframe'] = '3.8302002, -2.24304318, -14.0335541, -0.0374553427, -0.0236550178, 0.999018312, 5.82076679e-11, 0.999719918, 0.0236716252, -0.999298394, 0.000886630267, -0.0374449044'
	},
	[145] = {
		['fov'] = 45.006992952116015,
		['cframe'] = '3.92004395, -2.00041461, -14.3635101, -0.0773205534, -0.0523802117, 0.99562943, 0.00339943916, 0.998599291, 0.0528004616, -0.997000575, 0.00746714091, -0.0770342648'
	},
	[146] = {
		['fov'] = 45.0279620281882,
		['cframe'] = '4.00991821, -1.75778604, -14.6934662, -0.117143311, -0.0807754844, 0.989824593, 0.00563104451, 0.996616721, 0.0819961801, -0.993099034, 0.0151790557, -0.116292208'
	},
	[147] = {
		['fov'] = 45.06287790106757,
		['cframe'] = '4.09979248, -1.51515746, -15.0234528, -0.156826407, -0.108771227, 0.981618226, 0.00668932498, 0.993776977, 0.111187227, -0.987603605, 0.0240034573, -0.155122906'
	},
	[148] = {
		['fov'] = 45.111691737748714,
		['cframe'] = '4.18963623, -1.27252889, -15.3534088, -0.196272343, -0.136298791, 0.971030176, 0.00657169521, 0.990086913, 0.140302017, -0.980527341, 0.0339187458, -0.19343105'
	},
	[149] = {
		['fov'] = 45.17433526766712,
		['cframe'] = '4.19271851, -1.20928347, -15.4904022, -0.221974641, -0.139117077, 0.965077281, 0.00599133968, 0.989556074, 0.144023806, -0.975034237, 0.0377517082, -0.218822926'
	},
	[150] = {
		['fov'] = 45.25072087818177,
		['cframe'] = '4.19577026, -1.14603817, -15.6273651, -0.247521132, -0.141831666, 0.958445132, 0.00531239063, 0.989013851, 0.147727191, -0.968867958, 0.0416572317, -0.244048446'
	},
	[151] = {
		['fov'] = 45.34074173710932,
		['cframe'] = '4.19885254, -1.08279276, -15.7643585, -0.272894323, -0.144440725, 0.951139212, 0.00453531742, 0.98846066, 0.151409656, -0.962033391, 0.0456325375, -0.269090325'
	},
	[152] = {
		['fov'] = 45.44427194213859,
		['cframe'] = '4.2019043, -1.01954746, -15.9013519, -0.298076063, -0.146942347, 0.94316417, 0.00366067141, 0.987896919, 0.155068517, -0.954535067, 0.0496748313, -0.29393062'
	},
	[153] = {
		['fov'] = 45.561166696916324,
		['cframe'] = '4.20498657, -0.956302166, -16.0383453, -0.323048979, -0.149334848, 0.934525967, 0.0026890859, 0.987322986, 0.158701271, -0.946378589, 0.0537812747, -0.318552166'
	},
	[154] = {
		['fov'] = 45.69126251355796,
		['cframe'] = '4.20803833, -0.893056631, -16.1753082, -0.34779495, -0.151616484, 0.925230205, 0.00162117928, 0.986739278, 0.162305295, -0.937569082, 0.0579489432, -0.342937201'
	},
	[155] = {
		['fov'] = 45.83437744130024,
		['cframe'] = '4.21112061, -0.829811335, -16.3123016, -0.37229687, -0.153785676, 0.915284276, 0.000457815826, 0.986146152, 0.165878087, -0.928113699, 0.0621749014, -0.367068797'
	},
	[156] = {
		['fov'] = 45.990311320975806,
		['cframe'] = '4.20391846, -0.786899328, -16.4285126, -0.39542836, -0.153100252, 0.905647278, -0.000458396971, 0.986042857, 0.166491032, -0.918496847, 0.0654201284, -0.389979571'
	},
	[157] = {
		['fov'] = 46.158846064953906,
		['cframe'] = '4.19668579, -0.743987322, -16.544754, -0.418310523, -0.152333617, 0.895439088, -0.00138986111, 0.985942185, 0.167080909, -0.908303201, 0.0686471537, -0.412641793'
	},
	[158] = {
		['fov'] = 46.33974596215561,
		['cframe'] = '4.18945312, -0.701075315, -16.660965, -0.440929472, -0.151486322, 0.884665847, -0.00233602524, 0.985844254, 0.167647392, -0.89753902, 0.0718540326, -0.435041755'
	},
	[159] = {
		['fov'] = 46.532758007717156,
		['cframe'] = '4.18225098, -0.658163071, -16.7772064, -0.463270634, -0.150558889, 0.873334467, -0.00329630077, 0.985749066, 0.168190137, -0.886211097, 0.0750387236, -0.457164973'
	},
	[160] = {
		['fov'] = 46.73761225684005,
		['cframe'] = '4.17504883, -0.615251064, -16.8934174, -0.485319644, -0.149551824, 0.861451745, -0.00427004695, 0.985656738, 0.168708727, -0.874326348, 0.078199245, -0.478997201'
	},
	[161] = {
		['fov'] = 46.95402220233332,
		['cframe'] = '4.16781616, -0.572339058, -17.0096283, -0.507063925, -0.148465902, 0.849025548, -0.00525670499, 0.985567212, 0.169202983, -0.861892641, 0.0813336223, -0.500526011'
	},
	[162] = {
		['fov'] = 47.1816851753197,
		['cframe'] = '4.1605835, -0.529427052, -17.1258698, -0.528488874, -0.147301704, 0.836063623, -0.00625561923, 0.985480607, 0.169672474, -0.848917603, 0.0844398662, -0.521737039'
	},
	[163] = {
		['fov'] = 47.42028276854547,
		['cframe'] = '4.15338135, -0.486515045, -17.2420807, -0.549580574, -0.14605993, 0.822573781, -0.00726615638, 0.9853971, 0.170116886, -0.835409045, 0.0875160024, -0.542616367'
	},
	[164] = {
		['fov'] = 47.669481281701735,
		['cframe'] = '4.13226318, -0.478694916, -17.3128204, -0.566158533, -0.141151711, 0.812121093, -0.00724108517, 0.986043155, 0.166332424, -0.824264586, 0.0882898942, -0.559278786'
	},
	[165] = {
		['fov'] = 47.928932188134524,
		['cframe'] = '4.11114502, -0.470875025, -17.3835602, -0.582510829, -0.136227012, 0.801326215, -0.00713932514, 0.986674964, 0.162546873, -0.812791765, 0.088964358, -0.575721443'
	},
	[166] = {
		['fov'] = 48.19827262229081,
		['cframe'] = '4.09005737, -0.463054895, -17.4542999, -0.598630309, -0.131287843, 0.790193319, -0.00696093589, 0.987292409, 0.15876174, -0.80099535, 0.0895390883, -0.591937065'
	},
	[167] = {
		['fov'] = 48.47712588721879,
		['cframe'] = '4.06893921, -0.455234766, -17.5250397, -0.614510536, -0.126336232, 0.778727114, -0.00670596957, 0.987895072, 0.154978618, -0.78888005, 0.090013884, -0.607919157'
	},
	[168] = {
		['fov'] = 48.76510198141266,
		['cframe'] = '4.04782104, -0.447414875, -17.5957489, -0.630145192, -0.121374264, 0.766932547, -0.00637453794, 0.988482773, 0.151199073, -0.77645129, 0.0903885141, -0.623661339'
	},
	[169] = {
		['fov'] = 49.06179814426498,
		['cframe'] = '4.02670288, -0.439594746, -17.6664886, -0.645527661, -0.116403967, 0.754814148, -0.0059668012, 0.989055276, 0.147424683, -0.763713717, 0.0906628817, -0.639157116'
	},
	[170] = {
		['fov'] = 49.36679941936378,
		['cframe'] = '4.00561523, -0.431774616, -17.7372284, -0.660651624, -0.111427382, 0.742377222, -0.00548288599, 0.989612341, 0.143656969, -0.750672996, 0.0908368081, -0.654399931'
	},
	[171] = {
		['fov'] = 49.67967923484663,
		['cframe'] = '3.98449707, -0.423954725, -17.8079681, -0.675510466, -0.106446564, 0.729626536, -0.00492302328, 0.99015373, 0.139897481, -0.737334013, 0.0909102336, -0.669383287'
	},
	[172] = {
		['fov'] = 50,
		['cframe'] = '3.96337891, -0.416134596, -17.8787079, -0.690098524, -0.101463601, 0.716567695, -0.00428744033, 0.990679264, 0.136147827, -0.723702848, 0.090883173, -0.684101343'
	},
	[173] = {
		['fov'] = 50.32731371726938,
		['cframe'] = '3.9357605, -0.408165216, -17.8699188, -0.694466889, -0.0998143703, 0.712568164, -0.00435014442, 0.990895629, 0.134562016, -0.719511867, 0.0903490633, -0.688578427'
	},
	[174] = {
		['fov'] = 50.66116260882442,
		['cframe'] = '3.90817261, -0.400195837, -17.8611298, -0.698809922, -0.0981680006, 0.708539307, -0.00440316647, 0.99110955, 0.13297537, -0.715294063, 0.0898046717, -0.693029404'
	},
	[175] = {
		['fov'] = 51.00107975680259,
		['cframe'] = '3.8805542, -0.392226458, -17.8523102, -0.703127682, -0.0965246782, 0.70448184, -0.00444649905, 0.991321027, 0.131388038, -0.711049914, 0.0892500728, -0.697454453'
	},
	[176] = {
		['fov'] = 51.346589756336044,
		['cframe'] = '3.85293579, -0.384257078, -17.8435211, -0.707419991, -0.0948844552, 0.700395882, -0.0044801347, 0.991530061, 0.129800126, -0.70677954, 0.0886853039, -0.701853275'
	},
	[177] = {
		['fov'] = 51.69720938044833,
		['cframe'] = '3.8253479, -0.376287937, -17.8347321, -0.711686254, -0.0932474285, 0.696281493, -0.00450407341, 0.991736591, 0.128211677, -0.702483237, 0.0881103724, -0.706225336'
	},
	[178] = {
		['fov'] = 52.05244825589096,
		['cframe'] = '3.79772949, -0.368318558, -17.825943, -0.715926528, -0.091613695, 0.69213897, -0.00451830402, 0.991940618, 0.126622796, -0.698161185, 0.0875253156, -0.710570574'
	},
	[179] = {
		['fov'] = 52.411809548974794,
		['cframe'] = '3.77011108, -0.360349178, -17.8171234, -0.720140398, -0.0899833441, 0.687968612, -0.00452284887, 0.9921422, 0.125033587, -0.693813682, 0.0869301558, -0.714888632'
	},
	[180] = {
		['fov'] = 52.77479066043686,
		['cframe'] = '3.74252319, -0.352379799, -17.8083344, -0.724327743, -0.08835648, 0.683770716, -0.00451768562, 0.99234128, 0.123444155, -0.689441025, 0.0863249749, -0.719179451'
	},
	[181] = {
		['fov'] = 53.140883928370855,
		['cframe'] = '3.71490479, -0.344410419, -17.7995453, -0.728488445, -0.0867332146, 0.679545462, -0.00450283289, 0.992537737, 0.121854581, -0.685043395, 0.085709773, -0.723442793'
	},
	[182] = {
		['fov'] = 53.50957733823826,
		['cframe'] = '3.6444397, -0.323499918, -17.7409821, -0.733949125, -0.0838258266, 0.674012244, -0.00449784473, 0.992932916, 0.118591681, -0.67918998, 0.0840086341, -0.729139268'
	},
	[183] = {
		['fov'] = 53.88035523896692,
